time x y azimuth
0.00 1.50 0.07 2.86
0.10 2.99 0.22 5.73
0.20 4.47 0.45 8.59
0.30 5.94 0.75 11.46
0.40 7.40 1.12 14.32
0.50 8.83 1.56 17.19
0.60 10.24 2.08 20.05
0.70 11.62 2.66 22.92
0.80 12.97 3.31 25.78
0.90 14.29 4.03 28.65
1.00 15.57 4.82 31.51
1.10 16.80 5.66 34.38
1.20 18.00 6.57 37.24
1.30 19.15 7.54 40.11
1.40 20.24 8.56 42.97
1.50 21.29 9.63 45.84
1.60 22.28 10.76 48.70
1.70 23.21 11.94 51.57
1.80 24.08 13.16 54.43
1.90 24.89 14.42 57.30
2.00 25.64 15.72 60.16
2.10 26.32 17.06 63.03
2.20 26.93 18.43 65.89
2.30 27.48 19.82 68.75
2.40 27.95 21.25 71.62
2.50 28.35 22.69 74.48
2.60 28.68 24.16 77.35
2.70 28.93 25.63 80.21
2.80 29.12 27.12 83.08
2.90 29.22 28.62 85.94
3.00 29.27 30.12 87.97
3.10 29.33 31.62 87.97
3.20 29.38 33.12 87.97
3.30 29.43 34.62 87.97
3.40 29.49 36.12 87.97
3.50 29.54 37.61 87.97
3.60 29.59 39.11 87.97
3.70 29.65 40.61 87.97
3.80 29.70 42.11 87.97
3.90 29.75 43.61 87.97
4.00 29.81 45.11 87.97
4.20 30.06 48.14 93.55
4.30 30.00 49.64 90.69
4.40 30.02 51.14 87.83
4.50 30.12 52.64 84.96
4.60 30.29 54.13 82.10
4.70 30.53 55.61 79.23
4.80 30.85 57.07 76.37
4.90 31.24 58.52 73.50
5.00 31.70 59.95 70.64
5.10 32.23 61.35 67.77
5.20 32.83 62.72 64.91
5.30 33.50 64.06 62.04
5.40 34.24 65.37 59.18
5.50 35.04 66.64 56.31
5.60 35.90 67.87 53.45
5.70 36.82 69.05 50.58
5.80 37.80 70.18 47.72
5.90 38.84 71.27 44.85
6.00 39.93 72.30 41.99
6.10 41.07 73.27 39.12
6.20 42.26 74.19 36.26
6.30 43.49 75.05 33.39
6.40 44.76 75.84 30.53
6.50 46.07 76.57 27.66
6.60 47.42 77.23 24.80
6.70 48.79 77.83 21.94
6.80 50.20 78.35 19.07
6.90 51.63 78.81 16.21
7.00 53.08 79.19 13.34
7.10 54.55 79.50 10.48
7.20 56.03 79.74 7.61
7.30 57.52 79.90 4.75
7.40 59.01 79.98 1.88
7.50 60.51 80.00 -0.98
7.60 62.01 79.93 -3.85
7.70 63.51 79.79 -6.71
7.80 64.99 79.58 -9.58
7.90 66.46 79.30 -12.44
8.00 67.92 78.94 -15.31
8.10 69.36 78.50 -18.17
8.20 70.77 78.00 -21.04
8.30 72.15 77.43 -23.90
8.40 73.51 76.79 -26.77
8.50 74.83 76.08 -29.63
8.60 76.12 75.30 -32.50
8.70 77.36 74.47 -35.36
8.80 78.56 73.57 -38.23
8.90 79.72 72.61 -41.09
9.00 80.82 71.60 -43.95
9.10 81.88 70.53 -46.82
9.20 82.87 69.41 -49.68
9.30 83.82 68.24 -52.55
9.40 84.70 67.03 -55.41
9.50 85.52 65.77 -58.28
9.60 86.27 64.48 -61.14
9.70 86.97 63.15 -64.01
9.80 87.59 61.78 -66.87
9.90 88.14 60.39 -69.74
10.00 88.63 58.97 -72.60
10.10 89.15 57.56 290.26
10.20 89.74 56.18 293.13
10.30 90.39 54.83 295.99
10.40 91.12 53.52 298.86
10.50 91.91 52.25 301.72
10.60 92.76 51.01 304.59
10.70 93.67 49.82 307.45
10.80 94.64 48.68 310.32
10.90 95.67 47.58 313.18
11.00 96.75 46.54 316.05
11.10 97.88 45.55 318.91
11.20 99.06 44.63 321.77
11.30 100.28 43.76 324.64
11.40 101.54 42.95 327.50
11.50 102.85 42.21 330.37
11.60 104.19 41.54 333.23
11.70 105.56 40.93 336.10
11.80 106.96 40.39 338.96
11.90 108.38 39.92 341.83
12.00 109.83 39.53 344.69
12.10 111.30 39.20 347.56
12.20 112.77 38.95 350.42
12.30 114.26 38.78 353.29
12.40 115.76 38.68 356.15
12.50 117.26 38.65 359.02
12.60 118.76 38.70 1.88
12.70 120.25 38.82 4.75
12.80 121.74 39.02 7.61
12.90 123.22 39.30 10.48
13.00 124.68 39.64 13.34
13.10 126.12 40.06 16.21
13.20 127.53 40.55 19.07
13.30 128.93 41.11 21.94
13.40 130.29 41.74 24.80
13.50 131.62 42.44 27.66
13.60 132.91 43.20 30.53
13.70 134.16 44.02 33.39
13.80 135.37 44.91 36.26
13.90 136.53 45.86 39.12
14.00 137.65 46.86 41.99
14.10 138.71 47.92 44.85
14.20 139.72 49.03 47.72
14.30 140.67 50.19 50.58
14.40 141.57 51.39 53.45
14.50 142.40 52.64 56.31
14.60 143.17 53.93 59.18
14.70 143.87 55.25 62.04
14.80 144.51 56.61 64.91
14.90 145.07 58.00 67.77
15.00 145.57 59.42 70.64
15.10 146.00 60.85 73.50
15.20 146.35 62.31 76.37
15.30 146.63 63.79 79.23
15.40 146.84 65.27 82.10
15.50 146.97 66.77 84.96
15.60 147.03 68.26 87.83
15.70 147.01 69.76 90.69
15.80 146.91 71.26 93.55
15.90 146.75 72.75 96.42
16.00 146.50 74.23 99.28
16.10 146.19 75.70 102.15
16.20 145.80 77.15 105.01
16.30 145.34 78.58 107.88
16.40 144.81 79.98 110.74
16.50 144.21 81.35 113.61
16.60 143.54 82.70 116.47
16.70 142.80 84.00 119.34
16.80 142.01 85.27 122.20
16.90 141.14 86.50 125.07
17.00 140.22 87.68 127.93
17.10 139.24 88.82 130.80
17.20 138.21 89.90 133.66
17.30 137.12 90.94 136.53
17.40 136.02 91.96 136.77
17.50 134.93 92.99 136.77
17.60 133.84 94.02 136.77
17.80 131.73 96.21 142.47
17.90 130.56 97.15 139.61
18.00 129.44 98.15 136.74
18.10 128.38 99.21 133.88
18.20 127.36 100.31 131.01
18.30 126.41 101.47 128.15
18.40 125.51 102.67 125.29
18.50 124.68 103.92 122.42
18.60 123.90 105.20 119.56
18.70 123.20 106.52 116.69
18.80 122.56 107.88 113.83
18.90 121.99 109.27 110.96
19.00 121.48 110.68 108.10
19.10 121.05 112.12 105.23
19.20 120.70 113.57 102.37
19.30 120.41 115.05 99.50
19.40 120.20 116.53 96.64
19.50 120.07 118.03 93.77
19.60 120.00 119.52 90.91
19.70 120.02 121.02 88.04
19.80 120.11 122.52 85.18
19.90 120.27 124.01 82.31
20.00 120.51 125.49 79.45
20.10 120.82 126.96 76.58
20.20 121.20 128.41 73.72
20.30 121.66 129.84 70.85
20.40 122.19 131.24 67.99
20.50 122.78 132.62 65.12
20.60 123.45 133.96 62.26
20.70 124.18 135.27 59.39
20.80 124.97 136.54 56.53
20.90 125.83 137.78 53.67
21.00 126.75 138.96 50.80
21.10 127.73 140.10 47.94
21.20 128.76 141.19 45.07
21.30 129.85 142.22 42.21
21.40 130.98 143.20 39.34
21.50 132.17 144.12 36.48
21.60 133.39 144.98 33.61
21.70 134.66 145.78 30.75
21.80 135.97 146.52 27.88
21.90 137.31 147.19 25.02
22.00 138.69 147.79 22.15
22.10 140.09 148.32 19.29
22.20 141.52 148.78 16.42
22.30 142.97 149.16 13.56
22.40 144.43 149.48 10.69
22.50 145.91 149.72 7.83
22.60 147.40 149.89 4.96
22.70 148.90 149.98 2.10
22.80 150.40 150.00 -0.77
22.90 151.90 149.94 -3.63
23.00 153.39 149.81 -6.50
23.10 154.88 149.60 -9.36
23.20 156.35 149.32 -12.22
23.30 157.81 148.97 -15.09
23.40 159.25 148.54 -17.95
23.50 160.66 148.04 -20.82
23.60 162.05 147.47 -23.68
23.70 163.41 146.84 -26.55
23.80 164.73 146.13 -29.41
23.90 166.02 145.36 -32.28
24.00 167.27 144.53 -35.14
24.10 168.47 143.64 -38.01
24.20 169.63 142.68 -40.87
24.30 170.74 141.68 -43.74
24.40 171.80 140.61 -46.60
24.50 172.80 139.50 -49.47
24.60 173.75 138.33 -52.33
24.70 174.63 137.12 -55.20
24.80 175.46 135.87 -58.06
24.90 176.22 134.58 -60.93
25.00 176.92 133.25 -63.79
25.10 177.54 131.89 -66.66
25.20 178.10 130.50 -69.52
25.30 178.59 129.08 -72.39
25.40 179.01 127.64 -75.25
25.50 179.36 126.18 -78.11
25.60 179.63 124.70 -80.98
25.70 179.83 123.22 -83.84
25.80 179.95 121.72 -86.71
25.90 180.00 120.22 -89.57
26.00 179.97 118.72 -92.44
26.10 179.87 117.23 -95.30
26.20 179.70 115.74 -98.17
26.30 179.45 114.26 -101.03
26.40 179.12 112.79 -103.90
26.50 178.73 111.35 -106.76
26.60 178.26 109.92 -109.63
26.70 177.72 108.52 -112.49
26.80 177.11 107.15 -115.36
26.90 176.43 105.81 -118.22
27.00 175.69 104.51 -121.09
27.10 174.89 103.25 -123.95
27.20 174.02 102.02 -126.82
27.30 173.09 100.84 -129.68
27.40 172.10 99.71 -132.55
27.50 171.06 98.64 -135.41
27.60 169.97 97.61 -138.28
27.70 168.82 96.64 -141.14
27.80 167.63 95.73 -144.01
27.90 166.40 94.88 -146.87
28.00 165.12 94.09 -149.73
28.10 163.81 93.37 -152.60
28.20 162.46 92.71 -155.46
28.30 161.08 92.12 -158.33
28.40 159.67 91.60 -161.19
28.50 158.24 91.15 -164.06
28.60 156.79 90.78 -166.92
28.70 155.32 90.48 -169.79
28.80 153.84 90.25 -172.65
28.90 152.34 90.09 -175.52
29.00 150.85 90.01 -178.38
29.10 149.35 90.01 -181.25
29.20 147.85 90.08 -184.11
29.30 146.36 90.22 -186.98
29.40 144.87 90.44 -189.84
29.50 143.40 90.73 -192.71
29.60 141.95 91.10 -195.57
29.70 140.51 91.54 -198.44
29.80 139.10 92.05 -201.30
29.90 137.72 92.63 -204.17
30.00 136.37 93.28 -207.03
30.10 135.05 93.99 -209.90
30.20 133.77 94.77 -212.76
30.30 132.53 95.61 -215.62
30.40 131.33 96.52 -218.49
30.50 130.18 97.48 -221.35
30.60 129.08 98.50 -224.22
30.70 128.03 99.57 -227.08
30.80 127.04 100.70 -229.95
30.90 126.10 101.87 -232.81
31.00 125.22 103.08 -235.68
31.10 124.41 104.34 -238.54
31.20 123.66 105.64 -241.41
31.30 122.97 106.98 -244.27
31.40 122.36 108.34 -247.14
31.50 121.81 109.74 -250.00
31.60 121.33 111.16 -252.87
31.70 120.93 112.61 -255.73
31.80 120.59 114.07 -258.60
31.90 120.33 115.55 -261.46
32.00 120.15 117.03 -264.33
32.10 120.04 118.53 -267.19
32.20 120.00 120.03 -270.06
32.30 120.04 121.53 -272.92
32.40 120.15 123.02 -275.79
32.50 120.34 124.51 -278.65
32.60 120.60 125.99 -281.51
32.70 120.94 127.45 -284.38
32.80 121.35 128.89 -287.24
32.90 121.83 130.31 -290.11
33.00 122.38 131.71 -292.97
33.10 123.00 133.08 -295.84
33.20 123.69 134.41 -298.70
33.30 124.44 135.71 -301.57
33.40 125.26 136.96 -304.43
33.50 126.14 138.18 -307.30
33.60 127.07 139.35 -310.16
33.70 128.07 140.47 -313.03
33.80 129.12 141.54 -315.89
33.90 130.22 142.56 -318.76
34.00 131.37 143.52 -321.62
34.10 132.57 144.42 -324.49
34.20 133.82 145.26 -327.35
34.30 135.10 146.04 -330.22
34.40 136.42 146.75 -333.08
34.50 137.77 147.39 -335.95
34.60 139.16 147.97 -338.81
34.70 140.57 148.48 -341.68
34.80 142.00 148.91 -344.54
34.90 143.46 149.28 -347.41
