time x y azimuth
0.00 1.50 0.07 2.86
0.10 2.99 0.22 5.73
0.20 4.47 0.45 8.59
0.30 5.94 0.75 11.46
0.40 7.40 1.12 14.32
0.50 8.83 1.56 17.19
0.60 10.25 2.03 18.23
0.70 11.68 2.50 18.23
0.80 13.10 2.97 18.23
0.90 14.53 3.44 18.23
1.00 15.95 3.91 18.23
1.10 17.38 4.38 18.23
1.20 18.80 4.85 18.23
1.30 20.23 5.31 18.23
1.40 21.65 5.78 18.23
1.50 23.08 6.25 18.23
1.60 24.50 6.72 18.23
1.70 25.93 7.19 18.23
1.80 27.35 7.66 18.23
1.90 28.78 8.13 18.23
2.00 30.20 8.60 18.23
2.10 31.63 9.07 18.23
2.20 33.05 9.54 18.23
2.30 34.48 10.01 18.23
2.40 35.90 10.48 18.23
2.50 37.32 10.94 18.23
2.60 38.75 11.41 18.23
2.70 40.17 11.88 18.23
2.80 41.60 12.35 18.23
2.90 43.02 12.82 18.23
3.00 44.45 13.29 18.23
3.10 45.87 13.76 18.23
3.20 47.30 14.23 18.23
3.30 48.72 14.70 18.23
3.40 50.15 15.17 18.23
3.50 51.57 15.64 18.23
3.60 53.00 16.11 18.23
3.70 54.42 16.58 18.23
3.80 55.85 17.04 18.23
3.90 57.27 17.51 18.23
4.00 58.70 17.98 18.23
4.10 60.12 18.45 18.23
4.20 61.55 18.92 18.23
4.30 62.97 19.39 18.23
4.40 64.39 19.86 18.23
4.50 65.82 20.33 18.23
4.60 67.24 20.80 18.23
4.70 68.67 21.27 18.23
4.80 70.09 21.74 18.23
4.90 71.52 22.21 18.23
5.00 72.94 22.67 18.23
5.10 74.37 23.14 18.23
5.20 75.79 23.61 18.23
5.30 77.22 24.08 18.23
5.40 78.64 24.55 18.23
5.50 80.07 25.02 18.23
5.60 81.49 25.49 18.23
5.70 82.92 25.96 18.23
5.80 84.34 26.43 18.23
6.00 87.31 27.18 25.02
6.10 88.68 27.78 22.16
6.20 90.09 28.32 19.29
6.30 91.52 28.78 16.43
6.40 92.96 29.16 13.56
6.50 94.43 29.48 10.70
6.60 95.91 29.72 7.83
6.70 97.40 29.89 4.97
6.80 98.90 29.98 2.10
6.90 100.40 30.00 359.24
7.00 101.90 29.94 356.38
7.10 103.39 29.81 353.51
7.20 104.88 29.60 350.65
7.30 106.35 29.32 347.78
7.40 107.81 28.97 344.92
7.50 109.24 28.54 342.05
7.60 110.66 28.04 339.19
7.70 112.05 27.47 336.32
7.80 113.41 26.84 333.46
7.90 114.73 26.13 330.59
8.00 116.02 25.37 327.73
8.10 117.27 24.53 324.86
8.20 118.47 23.64 322.00
8.30 119.63 22.69 319.13
8.40 120.74 21.68 316.27
8.50 121.80 20.61 313.40
8.60 122.80 19.50 310.54
8.70 123.75 18.33 307.67
8.80 124.63 17.13 304.81
8.90 125.46 15.87 301.94
9.00 126.22 14.58 299.08
9.10 126.91 13.25 296.21
9.20 127.54 11.89 293.35
9.30 128.10 10.50 290.49
9.40 128.59 9.08 287.62
9.50 129.01 7.64 284.76
9.60 129.36 6.18 281.89
9.70 129.63 4.71 279.03
9.80 129.83 3.22 276.16
9.90 129.95 1.73 273.30
10.00 130.00 0.23 270.43
10.10 129.97 -1.27 267.57
10.20 129.87 -2.77 264.70
10.30 129.70 -4.26 261.84
10.40 129.45 -5.74 258.97
10.50 129.12 -7.20 256.11
10.60 128.73 -8.65 253.24
10.70 128.26 -10.07 250.38
10.80 127.72 -11.47 247.51
10.90 127.11 -12.85 244.65
11.00 126.44 -14.18 241.78
11.10 125.69 -15.49 238.92
11.20 124.89 -16.75 236.05
11.30 124.02 -17.98 233.19
11.40 123.09 -19.15 230.32
11.50 122.10 -20.28 227.46
11.60 121.06 -21.36 224.59
11.70 119.97 -22.39 221.73
11.80 118.82 -23.36 218.87
11.90 117.63 -24.27 216.00
12.00 116.40 -25.12 213.14
12.10 115.12 -25.91 210.27
12.20 113.81 -26.63 207.41
12.30 112.46 -27.29 204.54
12.40 111.08 -27.88 201.68
12.50 109.67 -28.40 198.81
12.60 108.24 -28.85 195.95
12.70 106.79 -29.22 193.08
12.80 105.32 -29.52 190.22
12.90 103.84 -29.75 187.35
13.00 102.35 -29.91 184.49
13.10 100.85 -29.99 181.62
13.20 99.35 -29.99 178.76
13.30 97.85 -29.92 175.89
13.40 96.36 -29.78 173.03
13.50 94.88 -29.56 170.16
13.60 93.40 -29.27 167.30
13.70 91.95 -28.90 164.43
13.80 90.52 -28.46 161.57
13.90 89.10 -27.95 158.70
14.00 87.72 -27.37 155.84
14.10 86.37 -26.72 152.98
14.20 85.05 -26.01 150.11
14.30 83.77 -25.23 147.25
14.40 82.53 -24.39 144.38
14.50 81.33 -23.48 141.52
14.60 80.18 -22.52 138.65
14.70 79.08 -21.50 135.79
14.80 78.03 -20.43 132.92
14.90 77.04 -19.31 130.06
15.00 76.10 -18.13 127.19
15.10 75.23 -16.92 124.33
15.20 74.41 -15.66 121.46
15.30 73.66 -14.36 118.60
15.40 72.98 -13.03 115.73
15.50 72.36 -11.66 112.87
15.60 71.81 -10.26 110.00
15.70 71.33 -8.84 107.14
15.80 70.93 -7.40 104.27
15.90 70.59 -5.93 101.41
16.00 70.33 -4.46 98.54
16.10 70.15 -2.97 95.68
16.20 70.04 -1.47 92.81
16.30 70.00 0.03 89.95
16.40 70.04 1.53 87.09
16.50 70.15 3.02 84.22
16.60 70.34 4.51 81.36
16.70 70.60 5.99 78.49
16.80 70.94 7.45 75.63
16.90 71.35 8.89 72.76
17.00 71.83 10.31 69.90
17.10 72.38 11.71 67.03
17.20 73.00 13.07 64.17
17.30 73.69 14.41 61.30
17.40 74.44 15.70 58.44
17.50 75.25 16.96 55.57
17.60 76.13 18.18 52.71
17.70 77.07 19.35 49.84
17.80 78.07 20.47 46.98
17.90 79.12 21.54 44.11
18.00 80.22 22.56 41.25
18.10 81.37 23.52 38.38
18.20 82.57 24.42 35.52
18.30 83.81 25.26 32.65
18.40 85.10 26.04 29.79
18.50 86.42 26.75 26.92
18.60 87.77 27.39 24.06
18.70 89.15 27.97 21.19
18.80 90.57 28.48 18.33
18.90 92.00 28.91 15.47
19.00 93.46 29.28 12.60
19.10 94.93 29.57 9.74
19.20 96.41 29.78 6.87
19.30 97.90 29.93 4.01
19.40 99.40 29.99 1.14
19.50 100.90 29.99 -1.72
19.60 102.40 29.90 -4.59
19.70 103.89 29.75 -7.45
19.80 105.37 29.51 -10.32
19.90 106.84 29.21 -13.18
20.00 108.29 28.83 -16.05
20.10 109.72 28.38 -18.91
20.20 111.13 27.86 -21.78
20.30 112.51 27.27 -24.64
20.40 113.86 26.61 -27.51
20.50 115.17 25.88 -30.37
20.60 116.44 25.09 -33.24
20.70 117.68 24.24 -36.10
20.80 118.87 23.33 -38.97
20.90 120.01 22.35 -41.83
21.00 121.10 21.33 -44.70
21.10 122.14 20.24 -47.56
21.20 123.12 19.11 -50.42
21.30 124.05 17.93 -53.29
21.40 124.92 16.71 -56.15
21.50 125.72 15.44 -59.02
21.60 126.46 14.14 -61.88
21.70 127.13 12.80 -64.75
21.80 127.74 11.43 -67.61
21.90 128.28 10.02 -70.48
22.00 128.74 8.60 -73.34
22.10 129.14 7.15 -76.21
22.20 129.46 5.69 -79.07
22.30 129.70 4.21 -81.94
22.40 129.88 2.72 -84.80
22.50 129.98 1.22 -87.67
22.60 130.00 -0.28 -90.53
22.70 129.95 -1.78 -93.40
22.80 129.82 -3.27 -96.26
22.90 129.62 -4.76 -99.13
23.00 129.35 -6.23 -101.99
23.10 129.00 -7.69 -104.86
23.20 128.58 -9.13 -107.72
23.30 128.08 -10.55 -110.59
23.40 127.52 -11.94 -113.45
23.50 126.89 -13.30 -116.31
23.60 126.19 -14.63 -119.18
23.70 125.43 -15.92 -122.04
23.80 124.60 -17.17 -124.91
23.90 123.71 -18.38 -127.77
24.00 122.76 -19.54 -130.64
24.10 121.76 -20.65 -133.50
24.20 120.70 -21.71 -136.37
24.30 119.59 -22.72 -139.23
24.40 118.43 -23.67 -142.10
24.50 117.22 -24.56 -144.96
24.60 115.97 -25.39 -147.83
24.70 114.68 -26.16 -150.69
24.80 113.36 -26.86 -153.56
24.90 112.00 -27.50 -156.42
25.00 110.61 -28.06 -159.29
25.10 109.20 -28.56 -162.15
25.20 107.76 -28.98 -165.02
25.30 106.30 -29.33 -167.88
25.40 104.82 -29.61 -170.75
25.50 103.34 -29.81 -173.61
25.60 101.84 -29.94 -176.48
25.70 100.35 -30.00 -179.34
25.80 98.85 -29.98 -182.21
25.90 97.35 -29.88 -185.07
26.00 95.86 -29.71 -187.93
26.10 94.38 -29.47 -190.80
26.20 92.91 -29.15 -193.66
26.30 91.46 -28.76 -196.53
26.40 90.04 -28.30 -199.39
26.50 88.64 -27.76 -202.26
26.60 87.26 -27.16 -205.12
26.70 85.92 -26.49 -207.99
26.80 84.61 -25.75 -210.85
26.90 83.35 -24.95 -213.72
27.00 82.12 -24.09 -216.58
27.10 80.94 -23.17 -219.45
27.20 79.80 -22.18 -222.31
27.30 78.72 -21.15 -225.18
27.40 77.69 -20.06 -228.04
27.50 76.72 -18.92 -230.91
27.60 75.80 -17.73 -233.77
27.70 74.94 -16.50 -236.64
27.80 74.15 -15.23 -239.50
27.90 73.42 -13.91 -242.37
28.00 72.76 -12.57 -245.23
28.10 72.17 -11.19 -248.10
28.20 71.64 -9.79 -250.96
28.30 71.19 -8.36 -253.82
28.40 70.81 -6.91 -256.69
28.50 70.50 -5.44 -259.55
28.60 70.26 -3.96 -262.42
28.70 70.10 -2.47 -265.28
28.80 70.02 -0.97 -268.15
28.90 70.00 0.53 -271.01
29.00 70.07 2.03 -273.88
29.10 70.21 3.52 -276.74
29.20 70.42 5.01 -279.61
29.30 70.71 6.48 -282.47
29.40 71.07 7.94 -285.34
29.50 71.50 9.37 -288.20
29.60 72.01 10.78 -291.07
29.70 72.58 12.17 -293.93
29.80 73.22 13.52 -296.80
29.90 73.93 14.85 -299.66
30.00 74.71 16.13 -302.53
30.10 75.54 17.37 -305.39
30.20 76.44 18.58 -308.26
30.30 77.40 19.73 -311.12
30.40 78.41 20.83 -313.99
30.50 79.48 21.89 -316.85
30.60 80.60 22.89 -319.71
30.70 81.77 23.83 -322.58
30.80 82.98 24.71 -325.44
30.90 84.24 25.53 -328.31
31.00 85.54 26.28 -331.17
31.10 86.87 26.97 -334.04
31.20 88.23 27.60 -336.90
31.30 89.63 28.15 -339.77
31.40 91.05 28.63 -342.63
31.50 92.49 29.04 -345.50
31.60 93.95 29.38 -348.36
31.70 95.42 29.65 -351.23
31.80 96.91 29.84 -354.09
31.90 98.41 29.96 -356.96
32.00 99.91 30.00 -359.82
32.10 101.41 29.97 -2.69
32.20 102.90 29.86 -5.55
32.30 104.39 29.68 -8.42
32.40 105.87 29.42 -11.28
32.50 107.33 29.09 -14.15
32.60 108.78 28.69 -17.01
32.70 110.20 28.21 -19.88
32.80 111.60 27.67 -22.74
32.90 112.96 27.05 -25.61
33.00 114.30 26.37 -28.47
33.10 115.60 25.62 -31.33
33.20 116.86 24.81 -34.20
33.30 118.08 23.94 -37.06
33.40 119.26 23.01 -39.93
33.50 120.38 22.01 -42.79
33.60 121.46 20.97 -45.66
33.70 122.48 19.87 -48.52
33.80 123.44 18.72 -51.39
33.90 124.35 17.53 -54.25
34.00 125.19 16.29 -57.12
34.10 125.98 15.01 -59.98
34.20 126.69 13.69 -62.85
34.30 127.34 12.34 -65.71
34.40 127.93 10.96 -68.58
34.50 128.44 9.55 -71.44
34.60 128.88 8.11 -74.31
34.70 129.25 6.66 -77.17
34.80 129.55 5.19 -80.04
34.90 129.77 3.71 -82.90
